Diameter (cm)
Velocity (cm/s)
Length (cm)
Temperature (oC)
Density (g/cm^3)
Viscosity (g/cm s)
Fe Solubility (mol/kg)
Cr Solubility (mol/kg)
Co Solubility (mol/kg)
Ni Solubility (mol/kg)
InnerOx Thickness (g/cm^2)
OuterFe3O4Thickness (g/cm^2)
OuterNiThickness (g/cm^2)
StandardEqmPotentialFe (V)
StandardEqmPotentialFe3O4red (V)
StandardEqmPotentialFe3O4oxid (V)
StandardEqmPotentialH2 (V)
StandardEqmPotentialNi (V)
NodeNumber

Inlet
44.3, 50, 106, 5.68, 5.68, 5.68, 5.68,
1530, 1200, 270, 985, 985, 985,	985,
477.6, 281.8, 78.6, 350, 350, 350, 350,
266, 266, 266, 266, 266, 266, 266,
0.779167693, 0.779167693, 0.779167693, 0.779167693, 0.779167693, 0.779167693, 0.779167693, 
0.00102, 0.00102, 0.00102, 0.00102, 0.00102, 0.00102, 0.00102,
1.28494E-08, 1.28494E-08, 1.28494E-08, 1.28494E-08, 1.28494E-08, 1.28494E-08, 1.28494E-08, 
8.81E-11, 8.81E-11, 8.81E-11, 8.81E-11, 8.81E-11, 8.81E-11, 8.81E-11, 
3.77742E-09, 3.77742E-09, 3.77742E-09, 3.77742E-09, 3.77742E-09, 3.77742E-09, 3.77742E-09, 
2.71098E-09, 2.71098E-09, 2.71098E-09, 2.71098E-09, 2.71098E-09, 2.71098E-09, 2.71098E-09, 
2.5E-04, 2.5E-04, 2.5E-04, 2.5E-04, 2.5E-04, 2.5E-04, 2.5E-04, 
2.5E-04, 2.5E-04, 2.5E-04, 2.5E-04, 2.5E-04, 2.5E-04, 2.5E-04, 
0.0, 0.0, 0.0,  0.0,  0.0,  0.0,  0.0, 
-0.451817276, -0.451817276, -0.451817276, -0.451817276, -0.451817276, -0.451817276, -0.451817276, 
-1.073924005, -1.073924005, -1.073924005,  -1.073924005,  -1.073924005, -1.073924005, -1.073924005, 
-0.107042367, -0.107042367, -0.107042367,  -0.107042367,  -0.107042367, -0.107042367, -0.107042367, 
-0.010976382, -0.010976382, -0.010976382,  -0.010976382,  -0.010976382, -0.010976382, -0.010976382,
0.0,0.0,0.0,0.0,0.0,0.0,0.0,
7, 
  
Core
1.3, 1.3, 1.3, 1.3, 1.3, 1.3, 1.3, 1.3, 1.3, 1.3, 1.3, 1.3,
883.08, 890.66, 900.3, 910.64, 920.97, 932.68, 945.08, 958.17, 973.32, 989.16, 1073.89, 1250.92,
49.5, 49.5, 49.5, 49.5, 49.5, 49.5, 49.5, 49.5, 49.5, 49.5, 49.5, 49.5,
266.55,	270.48,	275.15,	279.83,	284.51,	289.19,	293.87,	298.54,	303.22,	307.9, 311, 311,
0.778181305, 0.770726488, 0.761867965, 0.752990473, 0.744112981, 0.735235489, 0.726357997, 0.717499474, 0.708621982, 0.69974449, 0.6938641, 0.6938641,
1.00E-03, 9.85E-04, 9.65E-04, 9.45E-04, 9.25E-04, 9.06E-04, 8.86E-04, 8.66E-04, 8.46E-04, 8.25E-04, 8.17E-04, 8.17E-04,
1.28521E-08, 1.35852E-08, 1.449E-08, 1.54787E-08, 1.65654E-08, 1.77722E-08, 1.91309E-08, 2.06833E-08, 2.25034E-08, 2.46889E-08, 2.64104E-08, 2.64104E-08,
8.81E-11, 9.61E-11, 1.01E-10, 9.40E-11, 8.69E-11, 7.98E-11, 7.28E-11, 6.57E-11, 5.86E-11, 5.16E-11, 4.69E-11, 4.69E-11,
3.77742E-09, 3.51525E-09, 3.20371E-09, 2.8915E-09, 2.60041E-09, 2.3011E-09, 2.08369E-09, 1.86963E-09, 1.67578E-09, 1.53187E-09, 1.43654E-09, 1.43654E-09, 
2.71098E-09, 2.66196E-09, 2.60372E-09, 2.54535E-09, 2.29445E-09, 2.2137E-09, 1.91294E-09, 1.82788E-09, 1.54081E-09, 1.54384E-09, 1.54584E-09, 1.54584E-09,
0, 0, 0,  0,  0,  0,  0,  0,  0,  0,  0,  0, 
2.5E-04, 2.5E-04, 2.5E-04, 2.5E-04, 2.5E-04, 2.5E-04, 2.5E-04,  2.5E-04, 2.5E-04, 2.5E-04, 2.5E-04, 2.5E-04,
0, 0, 0,  0,  0,  0,  0,  0,  0,  0,  0,  0, 
0, 0, 0,  0,  0,  0,  0,  0,  0,  0,  0,  0, 
-1.074669493, -1.080340845, -1.087178194, -1.09415883, -1.101293686, -1.108611157, -1.116143082, -1.123908418, -1.131980993, -1.140390753, -1.146172564,  -1.146172564,
-0.107151447, -0.107967261, -0.108915005, -0.10983775, -0.110729422, -0.111585497, -0.112400867, -0.113168147, -0.113884026, -0.114539248, -0.114935664, -0.114935664,
0.003677536, 0.004397318, 0.005383177, 0.006527034, 0.007843094, 0.009349573, 0.011067085, 0.013014612, 0.015227161, 0.017731436, 0.019567879, 0.019567879,
0,0,0,0,0,0,0,0,0,0,0,0,
12,

Outlet
6.4, 6.4, 6.4, 6.4, 8.9, 8.9, 8.9, 116, 40.8,
1619, 1619, 1619, 1619, 857, 857, 857, 306, 1250,
17, 3.5, 139.5, 432, 225.5, 460.3, 460.3, 400, 100,
310, 310, 310,  310,  310,  310,  310,  310,  310,
0.695761, 0.695761, 0.695761,  0.695761,  0.695761,  0.695761,  0.695761,  0.695761,  0.695761,
0.00082, 0.00082, 0.00082,  0.00082,  0.00082,  0.00082,  0.00082,  0.00082,  0.00082,  
2.58268E-08, 2.58268E-08,  2.58268E-08,  2.58268E-08,  2.58268E-08,  2.58268E-08,  2.58268E-08,  2.58268E-08,  2.58268E-08, 
4.84E-11, 4.84E-11,  4.84E-11,  4.84E-11,  4.84E-11,  4.84E-11,  4.84E-11,  4.84E-11,  4.84E-11, 
1.44E-09,  1.44E-09, 1.44E-09,  1.44E-09,  1.44E-09,  1.44E-09,  1.44E-09,  1.44E-09,  1.44E-09, 
1.54584E-09, 1.54584E-09, 1.54584E-09, 1.54584E-09, 1.54584E-09, 1.54584E-09, 1.54584E-09, 1.54584E-09, 1.54584E-09, 
2.5E-04, 2.5E-04, 2.5E-04, 2.5E-04, 2.5E-04, 2.5E-04, 2.5E-04, 2.5E-04, 2.5E-04, 
2.5E-04, 2.5E-04, 2.5E-04, 2.5E-04, 2.5E-04, 2.5E-04, 2.5E-04, 2.5E-04, 2.5E-04,
0, 0, 0,  0,  0,  0,  0,  0,  0,
-0.42, -0.42, -0.42 , -0.42 , -0.42 , -0.42 , -0.42 , -0.42 , -0.42,  
-1.144287751, -1.144287751, -1.144287751, -1.144287751 , -1.144287751 , -1.144287751 , -1.144287751 , -1.144287751 , -1.144287751,
-0.114811279, -0.114811279, -0.114811279,  -0.114811279,  -0.114811279,  -0.114811279,  -0.114811279,  -0.114811279,  -0.114811279,  
-0.009758838, -0.009758838, -0.009758838, -0.009758838,  -0.009758838,  -0.009758838,  -0.009758838,  -0.009758838,  -0.009758838,
0,0,0,0,0,0,0,0,0,
9,  

Steam Generator
1.59, 1.59, 1.59, 1.59, 1.59, 1.59, 1.59, 1.59, 1.59, 1.59, 1.59, 1.59, 1.59, 1.59, 1.59, 1.59, 1.59, 1.59, 1.59, 1.59, 1.59, 1.59,
533.002, 533.001, 533, 531, 524, 517, 511, 506, 506, 502, 498, 494, 491, 489, 487, 484, 483, 481, 480, 479, 476, 474,
60.96, 88.9, 88.9, 88.9, 91.44, 91.44, 91.44, 91.44, 91.44, 103.05, 103.5, 91.44, 91.44, 91.44, 91.44, 91.44, 76.2, 58.42, 58.42, 58.42, 45.72, 30.48,
310.002, 310.001, 310, 308.97, 304.89, 301.02, 297.48, 294.24, 291.28, 288.42, 285.65, 283.28, 281.27, 279.43, 277.76, 276.22, 274.86, 273.75, 272.4, 270.52, 268.25, 266.03,
0.695761, 0.695761, 0.695761, 0.697714807, 0.705454159, 0.712795162, 0.719510188, 0.725656144, 0.731270968, 0.736696102, 0.741950515, 0.746446168, 0.750258937, 0.753749233, 0.756917056, 0.759838282, 0.762418066, 0.764523625, 0.76708444, 0.770650612, 0.774956575, 0.779167693,
0.000821, 0.000821, 0.000821, 0.000825, 0.000843, 0.000859, 0.000874, 0.000887, 0.000899, 0.000911, 0.000923, 0.000932, 0.00094, 0.000948, 9.55E-04, 0.000961, 0.000967, 0.000972, 0.000977, 0.000985, 0.000995, 1.00E-03,
2.58E-08, 2.56E-08, 2.55E-08, 2.52546E-08, 2.32347E-08, 2.16094E-08, 2.03107E-08, 1.9246E-08, 1.83579E-08, 1.75642E-08, 1.68473E-08, 1.62692E-08, 1.58017E-08, 1.53906E-08, 1.50304E-08, 1.47083E-08, 1.44316E-08, 1.42108E-08, 1.39481E-08, 1.35926E-08, 1.31784E-08, 1.27883E-08,
4.84E-11, 4.84E-11, 4.84E-11, 4.99E-11, 5.61E-11, 6.20E-11, 6.73E-11, 7.22E-11, 7.67E-11, 8.10E-11, 8.52E-11, 8.88E-11, 9.18E-11, 9.46E-11, 9.71E-11, 9.94E-11, 1.01E-10, 1.03E-10, 1.00E-10, 9.62E-11, 9.15E-11, 8.70E-11,
1.46729E-09, 1.46729E-09, 1.46729E-09, 1.49896E-09, 1.62443E-09, 1.75595E-09, 1.91821E-09, 2.06673E-09, 2.2024E-09, 2.35035E-09, 2.5275E-09, 2.67907E-09, 2.80762E-09, 2.92529E-09, 3.0321E-09, 3.13232E-09, 3.22305E-09, 3.2971E-09, 3.38716E-09, 3.51258E-09, 3.66401E-09, 3.81211E-09,
1.5452E-09, 1.5452E-09, 1.5452E-09, 1.54453E-09, 1.54189E-09, 1.78271E-09, 1.84719E-09, 1.9062E-09, 1.96011E-09, 2.22698E-09, 2.27478E-09, 2.31567E-09, 2.35035E-09, 2.3821E-09, 2.41091E-09, 2.59037E-09, 2.60733E-09, 2.62118E-09, 2.63802E-09, 2.66147E-09, 2.68978E-09, 2.71747E-09,
2.5E-4,2.5E-4,2.5E-4,2.5E-4,2.5E-4,2.5E-4,2.5E-4,2.5E-4,2.5E-4,2.5E-4,2.5E-4,2.5E-4,2.5E-4,2.5E-4,2.5E-4,2.5E-4,2.5E-4,2.5E-4,2.5E-4,2.5E-4,2.5E-4,2.5E-4  
1.3E-04, 1.3E-04, 1.3E-04,  1.3E-04, 1.3E-04, 1.3E-04, 1.3E-04, 1.3E-04, 1.3E-04, 1.3E-04, 1.3E-04, 1.3E-04, 1.3E-04, 1.3E-04, 1.3E-04, 1.3E-04, 1.3E-04, 1.3E-04, 1.3E-04,  1.3E-04, 1.3E-04, 1.3E-04, 
1.3E-04, 1.3E-04, 1.3E-04, 1.3E-04, 1.3E-04, 1.3E-04, 1.3E-04, 1.3E-04, 1.3E-04, 1.3E-04, 1.3E-04, 1.3E-04, 1.3E-04, 1.3E-04, 1.3E-04, 1.3E-04, 1.3E-04,  1.3E-04, 1.3E-04, 1.3E-04, 1.3E-04, 1.3E-04,  
-0.446234771, -0.446234771, -0.446234771, -0.447165628, -0.450647507, -0.453668151, -0.456211687, -0.458370372, -0.46021114, -0.461878341, -0.463395088, -0.464620561, -0.465610267, -0.466478052, -0.467235236, -0.467908699, -0.468484287, -0.468941111, -0.469481413, -0.470206672, -0.471041769, -0.471817276,
-1.144287751, -1.144287751, -1.144287751, -1.142366237, -1.134940622, -1.128147164, -1.122121957, -1.116748733, -1.111946236, -1.10739337, -1.103058169, -1.099402023, -1.096336488, -1.093556546, -1.091053792, -1.088761964, -1.086750118, -1.085116078, -1.08313791, -1.080398931, -1.077114408, -1.073924005,
-0.114811279, -0.114811279, -0.114811279, -0.11467965, -0.11412522, -0.113554571, -0.112998378, -0.112463428, -0.111954984, -0.111447301, -0.110941417, -0.110498326, -0.11011562, -0.109760038, -0.109433197, -0.109128498, -0.108856898, -0.108633543, -0.108359936, -0.107975483, -0.107506248, -0.107042367,
-0.009758838, -0.009758838, -0.009758838, -0.009843441, -0.010142793, -0.010377945, -0.010555421, -0.010689117, -0.010789164, -0.010867274, -0.010926752, -0.010965826, -0.010990922, -0.011007751, -0.01101817, -0.011023852, -0.011025854, -0.011025461, -0.011022605, -0.011014432, -0.010998347, -0.010976382,
-0.145424596, -0.145424596, -0.145424596, -0.146697998, -0.151519892, -0.155788085,-0.159454141,-0.162625556,-0.165379947,-0.167919908,-0.170272997, -0.172207329, -0.173793536, -0.175203717, -0.176450236, -0.177572514, -0.17854256, -0.179320034, -0.180248772, -0.181512192, -0.182992887, -0.184395439,
22,